target.year <- 2009
